Mundial Qatar 2022

  1. ¿En qué año tuvo lugar la primera Copa Mundial de Fútbol?
    A. 1920
    B. 1930
    C. 1940
    D. 1950
    
  2. 
  
  3. 
  
  4. 
  
  5. 
  
  6. 
  
  7. 
  
  8. 
  
  9. 
  
  10. 
  
  11. 
  
  12. 
  
  13. 
  
  14. 
  
  15. 
  
  16. 
  
  17. 
  
  18. 
  
  19. 
  
  20. 

Geografía

  1. 
  
  2. 
  
  3. 
  
  4. 
  
  5. 
  
  6. 
  
  7. 
  
  8. 
  
  9. 
  
  10. 
  
  11. 
  
  12. 
  
  13. 
  
  14. 
  
  15. 
  
  16. 
  
  17. 
  
  18. 
  
  19. 
  
  20. 

Ciencias

  1. 
  
  2. 
  
  3. 
  
  4. 
  
  5. 
  
  6. 
  
  7. 
  
  8. 
  
  9. 
  
  10. 
  
  11. 
  
  12. 
  
  13. 
  
  14. 
  
  15. 
  
  16. 
  
  17. 
  
  18. 
  
  19. 
  
  20. 

Historia

  1. 

  2. 
  
  3. 
  
  4. 
  
  5. 
  
  6. 
  
  7. 
  
  8. 
  
  9. 
  
  10. 
  
  11. 
  
  12. 
  
  13. 
  
  14. 
  
  15. 
  
  16. 
  
  17. 
  
  18. 
  
  19. 
  
  20. 

Artes

  1. 

  2. 
  
  3. 
  
  4. 
  
  5. 
  
  6. 
  
  7. 
  
  8. 
  
  9. 
  
  10. 
  
  11. 
  
  12. 
  
  13. 
  
  14. 
  
  15. 
  
  16. 
  
  17. 
  
  18. 
  
  19. 
  
  20. 

Programación

  1. 

  2. 
  
  3. 
  
  4. 
  
  5. 
  
  6. 
  
  7. 
  
  8. 
  
  9. 
  
  10. 
  
  11. 
  
  12. 
  
  13. 
  
  14. 
  
  15. 
  
  16. 
  
  17. 
  
  18. 
  
  19. 
  
  20. 

isaac edito este archivo
